"","Time","SC","IC","SN","IN"
"1",0,0.1,0,0.891,0.00900000000000001
"2",1,0.0997218879311811,6.02943062151686e-06,0.891224635723878,0.00904744691431982
"3",2,0.0994447743654646,1.20577596831186e-05,0.891447959142264,0.00909520873258835
"4",3,0.0991686572579192,1.80850616442259e-05,0.891669970511292,0.00914328716914484
"5",4,0.0988935348277558,2.4111401741982e-05,0.891890670039212,0.00919168373129001
"6",5,0.0986194047116996,3.01368671029705e-05,0.892110057983513,0.0092404004376841
"7",6,0.0983462649843828,3.61615295644112e-05,0.892328134526653,0.00928943895939974
"8",7,0.0980741136466565,4.21854641915448e-05,0.89254489984092,0.00933880104823231
"9",8,0.0978029487110997,4.82087462133945e-05,0.892760354077107,0.00938848846558024
"10",9,0.097532768201976,5.42314510215261e-05,0.892974497364568,0.0094385029824343
"11",10,0.0972635701552283,6.02536541736436e-05,0.893187329811175,0.00948884637942307
"12",11,0.0969953526184721,6.62754313967211e-05,0.893398851503278,0.0095395204468531
"13",12,0.0967281136502621,7.22968585792329e-05,0.893609062507018,0.00959052698414029
"14",13,0.0964618513224362,7.83180118090722e-05,0.893817962863948,0.00964186780180708
"15",14,0.096196563717517,8.43389673393118e-05,0.894025552595773,0.00969354471937086
"16",15,0.0959322489296794,9.03598016050855e-05,0.894231831702528,0.00974555956618779
"17",16,0.0956689050648273,9.63805912282724e-05,0.894436800162382,0.00979791418156233
"18",17,0.0954065302405078,0.00010240141301956,0.894640457931753,0.00985061041471932
"19",18,0.0951451225859059,0.00010842234398213,0.894842804945263,0.00990365012484841
"20",19,0.0948846802418407,0.000114443461314839,0.895043841115702,0.00995703518114211
"21",20,0.0946252013607611,0.000120464842415622,0.895243566333987,0.0100107674628361
"22",21,0.0943666841067414,0.000126486564885087,0.895441980469122,0.0100648488592515
"23",22,0.0941091266554775,0.000132508706530006,0.895639083368157,0.0101192812698355
"24",23,0.0938525271942825,0.000138531345366863,0.895834874856148,0.0101740666042024
"25",24,0.0935968839220837,0.000144554559625441,0.896029354736116,0.0102292067821747
"26",25,0.0933421950494183,0.00015057842775244,0.896222522789005,0.0102847037338239
"27",26,0.0930884587984299,0.000156603028415129,0.896414378773643,0.0103405593995119
"28",27,0.0928356734028658,0.000162628440505045,0.896604922426697,0.010396775729932
"29",28,0.0925838371080729,0.000168654743141713,0.896794153462635,0.0104533546861502
"30",29,0.0923329481709951,0.00017468201567641,0.896982071573682,0.010510298239646
"31",30,0.0920830048601702,0.000180710337695969,0.897168676429779,0.0105676083723542
"32",31,0.0918340054557269,0.000186739789026615,0.897353967678541,0.0106252870767055
"33",32,0.0915859482493822,0.000192770449737838,0.897537944945211,0.0106833363556682
"34",33,0.0913388315444388,0.00019880240014631,0.897720607832625,0.0107417582227892
"35",34,0.0910926536557824,0.000204835720819835,0.897901955921162,0.0108005547022354
"36",35,0.0908474129098798,0.000210870492581342,0.898081988768704,0.0108597278288349
"37",36,0.0906031076447761,0.000216906796512913,0.898260705910592,0.0109192796481184
"38",37,0.0903597362100931,0.000222944713959857,0.898438106859586,0.0109792122163603
"39",38,0.0901172969670271,0.000228984326534818,0.898614191105817,0.0110395276006203
"40",39,0.089875788288347,0.00023502571612193,0.898788958116746,0.0111002278787842
"41",40,0.0896352085583926,0.000241068964881007,0.89896240733712,0.0111613151396057
"42",41,0.0893955561730732,0.00024711415525178,0.899134538188927,0.0112227914827475
"43",42,0.0891568295398658,0.000253161369958173,0.899305350071353,0.0112846590188225
"44",43,0.0889190270778141,0.000259210692012626,0.899474842360738,0.011346919869435
"45",44,0.0886821472175269,0.000265262204720452,0.89964301441053,0.0114095761672223
"46",45,0.0884461884011773,0.000271315991684251,0.899809865551243,0.0114726300558954
"47",46,0.0882111490825017,0.000277372136808353,0.899975395090409,0.0115360836902809
"48",47,0.0879770277267986,0.000283430724303323,0.900139602312536,0.0115999392363615
"49",48,0.0877438228109282,0.000289491838690494,0.900302486479064,0.0116641988713176
"50",49,0.0875115328233117,0.000295555564806554,0.900464046828313,0.0117288647835683
"51",50,0.0872801562639307,0.000301621987808184,0.900624282575448,0.0117939391728125
"52",51,0.087049691644327,0.000307691193176732,0.900783192912426,0.0118594242500701
"53",52,0.0868201374876022,0.00031376326672294,0.900940777007952,0.0119253222377228
"54",53,0.0865914923284174,0.000319838294591721,0.901097034007436,0.0119916353695553
"55",54,0.0863637547129936,0.000325916363266978,0.901251963032943,0.012058365890796
"56",55,0.0861369231991114,0.000331997559576477,0.901405563183154,0.0121255160581584
"57",56,0.0859109963561113,0.000338081970696765,0.901557833533311,0.0121930881398813
"58",57,0.0856859727648943,0.000344169684158143,0.901708773135178,0.01226108441577
"59",58,0.0854618510179217,0.000350260787849685,0.901858381016992,0.012329507177237
"60",59,0.0852386297192166,0.00035635537002431,0.902006656183417,0.0123983587273425
"61",60,0.0850163074843635,0.000362453519303904,0.902153597615498,0.0124676413808353
"62",61,0.08479488294051,0.000368555324684497,0.902299204270613,0.0125373574641929
"63",62,0.084574354726367,0.000374660875541486,0.902443475082429,0.0126075093156626
"64",63,0.0843547214922103,0.000380770261634923,0.902586408960854,0.0126780992853011
"65",64,0.0841359818998811,0.000386883573114843,0.902728004791989,0.0127491297350155
"66",65,0.0839181346227879,0.000393000900526656,0.902868261438083,0.0128206030386032
"67",66,0.0837011783459072,0.000399122334816591,0.903007177737485,0.0128925215817921
"68",67,0.0834851117657854,0.000405247967337193,0.903144752504598,0.0129648877622805
"69",68,0.0832699335905401,0.000411377889852882,0.90328098452983,0.0130377039897773
"70",69,0.0830556425398621,0.000417512194545562,0.903415872579551,0.0131109726860418
"71",70,0.0828422373450166,0.000423650974020293,0.903549415396041,0.0131846962849234
"72",71,0.0826297167488458,0.000429794321311018,0.903681611697443,0.0132588772324009
"73",72,0.0824180795057701,0.000435942329886346,0.903812460177722,0.0133335179866229
"74",73,0.082207324381791,0.000442095093655403,0.903941959506608,0.0134086210179461
"75",74,0.0819974501544927,0.000448252706973732,0.904070108329559,0.0134841888089756
"76",75,0.0817884556130447,0.000454415264649263,0.904196905267704,0.0135602238546034
"77",76,0.0815803395582041,0.000460582861948335,0.904322348917801,0.0136367286620477
"78",77,0.081373100802318,0.00046675559460179,0.904446437852189,0.0137137057508918
"79",78,0.0811667381693266,0.00047293355881112,0.904569170618741,0.0137911576531227
"80",79,0.0809612504947652,0.000479116851254682,0.904690545740811,0.01386908691317
"81",80,0.0807566366257677,0.000485305569093976,0.904810561717195,0.013947496087944
"82",81,0.0805528954210688,0.000491499809979989,0.904929217022078,0.0140263877468746
"83",82,0.0803500257510079,0.000497699672059601,0.905046510104985,0.0141057644719486
"84",83,0.0801480264975314,0.000503905253982057,0.905162439390739,0.0141856288577487
"85",84,0.0799468965541963,0.00051011665490551,0.905277003279409,0.0142659835114904
"86",85,0.0797466348261736,0.000516333974503625,0.905390200146263,0.0143468310530604
"87",86,0.0795472402302515,0.000522557312972255,0.905502028341724,0.0144281741150536
"88",87,0.0793487116948387,0.000528786771036186,0.905612486191316,0.0145100153428107
"89",88,0.0791510481599687,0.000535022449955946,0.905721571995621,0.014592357394455
"90",89,0.0789542485773028,0.000541264451534693,0.905829284030234,0.0146752029409296
"91",90,0.078758311910134,0.000547512878125166,0.905935620545708,0.0147585546660343
"92",91,0.0785632371333914,0.000553767832636709,0.906040579767512,0.0148424152664613
"93",92,0.0783690232336434,0.000560029418542371,0.906144159895983,0.0149267874518326
"94",93,0.0781756692091023,0.000566297739886075,0.906246359106277,0.0150116739447353
"95",94,0.0779831740696282,0.000572572901289864,0.906347175548325,0.0150970774807577
"96",95,0.0777915368367334,0.000578855007961218,0.906446607346781,0.0151830008085252
"97",96,0.0776007565435867,0.00058514416570045,0.906544652600978,0.0152694466897354
"98",97,0.0774108322350174,0.000591440480908176,0.906641309384882,0.0153564178991934
"99",98,0.0772217629675205,0.000597744060592858,0.906736575747041,0.0154439172248467
"100",99,0.0770335478092609,0.000604055012378438,0.906830449710541,0.0155319474678201
"101",100,0.0768461858400778,0.000610373444512033,0.906922929272961,0.0156205114424497
"102",101,0.07665967615149,0.000616699465871721,0.907014012406322,0.0157096119763177
"103",102,0.0764740178467003,0.000623033185974403,0.90710369705704,0.0157992519102857
"104",103,0.0762892100406008,0.000629374714983747,0.907191981145888,0.0158894340985288
"105",104,0.0761052518597775,0.000635724163718215,0.907278862567937,0.0159801614085686
"106",105,0.0759221424425155,0.000642081643659168,0.90736433919252,0.0160714367213064
"107",106,0.0757398809388044,0.000648447266959057,0.907448408863181,0.0161632629310564
"108",107,0.0755584665103433,0.000654821146449702,0.907531069397631,0.0162556429455773
"109",108,0.0753778983305458,0.00066120339565065,0.907612318587699,0.0163485796861054
"110",109,0.0751981755845463,0.000667594128777622,0.907692154199291,0.0164420760873858
"111",110,0.0750192974692043,0.000673993460751046,0.907770573972341,0.0165361350977043
"112",111,0.0748412631931109,0.000680401507204681,0.907847575620767,0.0166307596789186
"113",112,0.0746640719765939,0.000686818384494321,0.907923156832424,0.0167259528064889
"114",113,0.0744877230517236,0.0006932442097066,0.907997315269062,0.0168217174695088
"115",114,0.0743122156623185,0.000699679100667878,0.908070048566279,0.0169180566707355
"116",115,0.0741375490639512,0.000706123175953222,0.908141354333477,0.0170149734266194
"117",116,0.0739637225239543,0.000712576554895479,0.908211230153818,0.0171124707673337
"118",117,0.0737907353214261,0.000719039357594445,0.908279673584177,0.0172105517368036
"119",118,0.073618586747237,0.00072551170492612,0.908346682155103,0.0173092193927349
"120",119,0.0734472761040354,0.000731993718552066,0.908412253370771,0.0174084768066427
"121",120,0.0732768027062538,0.000738485520928858,0.90847638470894,0.0175083270638789
"122",121,0.0731071658801151,0.000744987235317629,0.908539073620908,0.0176087732636602
"123",122,0.0729383649636388,0.00075149898579372,0.908600317531474,0.0177098185190951
"124",123,0.0727703993066475,0.000758020897256419,0.908660113838887,0.0178114659572104
"125",124,0.072603268270773,0.000764553095438808,0.908718459914811,0.0179137187189781
"126",125,0.072436971229463,0.000771095706917707,0.908775353104279,0.0180165799593411
"127",126,0.0722715075679878,0.000777648859123721,0.908830790725652,0.0181200528472381
"128",127,0.0721068766834465,0.000784212680351388,0.908884770070574,0.0182241405656298
"129",128,0.0719430779847735,0.00079078729976943,0.908937288403936,0.0183288463115222
"130",129,0.0717801108927458,0.000797372847431113,0.908988342963833,0.0184341732959916
"131",130,0.0716179748399892,0.000803969454284711,0.909037930961519,0.0185401247442081
"132",131,0.0714566692709855,0.00081057725218407,0.909086049581373,0.0186467038954583
"133",132,0.0712961936420788,0.000817196373899293,0.909132695980854,0.0187539140031687
"134",133,0.071136547421483,0.00082382695312752,0.909177867290464,0.0188617583349271
"135",134,0.0709777300892882,0.000830469124503828,0.909221560613704,0.018970240172505
"136",135,0.0708197411374683,0.000837123023612236,0.909263773027043,0.0190793628118782
"137",136,0.0706625800698872,0.000843788786996823,0.909304501579869,0.019189129563248
"138",137,0.0705062464023068,0.000850466552172965,0.909343743294461,0.0192995437510608
"139",138,0.0703507396623936,0.000857156457638676,0.909381495165941,0.0194106087140278
"140",139,0.0701960593897258,0.000863858642886069,0.909417754162245,0.0195223278051444
"141",140,0.0700422051358008,0.000870573248412939,0.909452517224079,0.0196347043917081
"142",141,0.0698891764640423,0.000877300415734451,0.909485781264888,0.0197477418553369
"143",142,0.0697369729498076,0.000884040287394959,0.909517543170812,0.0198614435919862
"144",143,0.0695855941803951,0.000890793006979938,0.90954779980066,0.0199758130119659
"145",144,0.0694350397550513,0.000897558719128034,0.909576547985865,0.0200908535399564
"146",145,0.0692853092849787,0.000904337569543245,0.909603784530455,0.0202065686150238
"147",146,0.0691364023933427,0.000911129705007217,0.909629506211015,0.0203229616906354
"148",147,0.0689883187152795,0.000917935273391665,0.909653709776656,0.0204400362346737
"149",148,0.0688410578979035,0.000924754423670927,0.909676391948976,0.0205577957294499
"150",149,0.0686946196003147,0.000931587305934729,0.909697549422034,0.0206762436717172
"151",150,0.0685490034936067,0.000938434071400926,0.90971717886231,0.020795383572683
"152",151,0.0684042092608733,0.000945294872428077,0.909735276908679,0.0209152189580205
"153",152,0.0682602365972172,0.000952169862528998,0.909751840172375,0.0210357533678797
"154",153,0.0681170852097573,0.000959059196383823,0.909766865236962,0.0211569903568978
"155",154,0.0679747548176362,0.000965963029853285,0.909780348658302,0.021278933494209
"156",155,0.0678332451520281,0.000972881519992185,0.909792286964527,0.0214015863634531
"157",156,0.0676925559561463,0.000979814825062983,0.909802676656007,0.0215249525627838
"158",157,0.0675526869852513,0.000986763104549529,0.909811514205323,0.0216490357048762
"159",158,0.0674136380066583,0.000993726519170929,0.909818796057238,0.0217738394169334
"160",159,0.0672754087997449,0.00100070523089555,0.909824518628667,0.0218993673406926
"161",160,0.0671379991559592,0.00100769940295518,0.909828678308656,0.02202562313243
"162",161,0.0670014088788276,0.00101470919985928,0.909831271458348,0.0221526104629657
"163",162,0.0668656377839622,0.00102173478740945,0.909832294410962,0.0222803330176669
"164",163,0.0667306856990693,0.00102877633271399,0.909831743471766,0.0224087944964508
"165",164,0.0665965524639567,0.00103583400420261,0.909829614918054,0.0225379986137866
"166",165,0.0664632379305419,0.00104290797164129,0.90982590499912,0.0226679490986971
"167",166,0.0663307419628598,0.00104999840614733,0.909820609936235,0.0227986496947584
"168",167,0.066199064437071,0.00105710548020444,0.909813725922625,0.0229301041600997
"169",168,0.066068205241469,0.00106422936767814,0.909805249123451,0.0230623162674023
"170",169,0.0659381642764888,0.00107137024383115,0.909795175675784,0.0231952898038967
"171",170,0.0658089414547143,0.00107852828533903,0.909783501688587,0.0233290285713599
"172",171,0.0656805367008868,0.00108570367030596,0.909770223242696,0.0234635363861114
"173",172,0.0655529499519121,0.00109289657828066,0.909755336390799,0.0235988170790082
"174",173,0.0654261811568694,0.00110010719027246,0.90973883715742,0.0237348744954388
"175",174,0.0653002302770184,0.00110733568876756,0.909720721538897,0.0238717124953169
"176",175,0.0651750972858076,0.00111458225774541,0.909700985503374,0.0240093349530731
"177",176,0.0650507821688825,0.0011218470826953,0.909679624990776,0.0241477457576465
"178",177,0.0649272849240929,0.00112913035063305,0.909656635912799,0.0242869488124751
"179",178,0.0648046055615013,0.00113643225011792,0.909632014152896,0.0244269480354852
"180",179,0.0646827441033907,0.00114375297126966,0.909605755566261,0.0245677473590793
"181",180,0.0645617005842722,0.00115109270578573,0.909577855979818,0.0247093507301241
"182",181,0.0644414750508937,0.00115845164695868,0.909548311192211,0.0248517621099364
"183",182,0.0643220675622467,0.00116582998969372,0.909517116973791,0.0249949854742683
"184",183,0.0642034781895754,0.00117322793052645,0.909484269066607,0.0251390248132917
"185",184,0.0640857070163834,0.00118064566764074,0.909449763184395,0.0252838841315815
"186",185,0.0639687541384424,0.00118808340088682,0.909413595012574,0.0254295674480971
"187",186,0.0638526196637998,0.00119554133179956,0.909375760208237,0.025576078796164
"188",187,0.0637373037127865,0.00120301966361685,0.909336254400144,0.0257234222234533
"189",188,0.0636228064180246,0.00121051860129821,0.909295073188717,0.0258716017919606
"190",189,0.0635091279244355,0.00121803835154362,0.909252212146038,0.0260206215779835
"191",190,0.0633962683892476,0.00122557912281245,0.909207666815842,0.026170485672098
"192",191,0.063284227982004,0.00123314112534261,0.90916143271352,0.0263211981791338
"193",192,0.0631730068845702,0.00124072457116992,0.909113505326112,0.0264727632181483
"194",193,0.063062605291142,0.00124832967414758,0.909063880112311,0.0266251849223997
"195",194,0.0629530234082533,0.00125595664996592,0.909012552502463,0.0267784674393183
"196",195,0.0628442614547835,0.00126360571617227,0.908959517898567,0.0269326149304775
"197",196,0.0627363196619653,0.00127127709219108,0.908904771674282,0.0270876315715622
"198",197,0.0626291982733926,0.00127897099934415,0.908848309174926,0.0272435215523373
"199",198,0.0625228975450278,0.00128668766087116,0.908790125717487,0.0274002890766142
"200",199,0.0624174177452094,0.00129442730195029,0.908730216590624,0.0275579383622162
"201",200,0.0623127591546601,0.00130219014971913,0.908668577054679,0.0277164736409424
"202",201,0.0622089220664935,0.00130997643329571,0.908605202341681,0.0278758991585303
"203",202,0.0621059067862224,0.00131778638379976,0.90854008765536,0.0280362191746176
"204",203,0.062003713631766,0.00132562023437423,0.908473228171158,0.0281974379627021
"205",204,0.0619023429334572,0.00133347822020687,0.908404619036236,0.0283595598100999
"206",205,0.0618017950340504,0.0013413605785522,0.908334255369494,0.0285225890179032
"207",206,0.0617020702887285,0.00134926754875351,0.908262132261582,0.028686529900936
"208",207,0.0616031690651107,0.00135719937226519,0.908188244774916,0.0288513867877082
"209",208,0.0615050917432597,0.00136515629267523,0.908112587943696,0.0290171640203693
"210",209,0.0614078387156888,0.0013731385557279,0.908035156773924,0.0291838659546591
"211",210,0.0613114103873695,0.00138114640934669,0.907955946243425,0.0293514969598584
"212",211,0.0612158071757385,0.00138918010365745,0.907874951301867,0.0295200614187373
"213",212,0.0611210295107051,0.00139723989101174,0.907792166870781,0.0296895637275022
"214",213,0.0610270778346586,0.00140532602601039,0.907707587843589,0.0298600082957416
"215",214,0.0609339526024747,0.00141343876552729,0.907621209085628,0.0300313995463698
"216",215,0.0608416542815236,0.00142157836873342,0.907533025434173,0.0302037419155696
"217",216,0.0607501833516762,0.00142974509712106,0.907443031698469,0.030377039852733
"218",217,0.0606595403053119,0.00143793921452826,0.907351222659759,0.0305512978204004
"219",218,0.060569725647325,0.00144616098716354,0.907257593071313,0.0307265202941985
"220",219,0.0604807398951321,0.00145441068363077,0.907162137658461,0.0309027117627761
"221",220,0.0603925835786788,0.00146268857495433,0.907064851118628,0.0310798767277385
"222",221,0.060305257240447,0.00147099493460447,0.906965728121368,0.0312580197035804
"223",222,0.060218761435461,0.00147933003852296,0.906864763308399,0.0314371452176165
"224",223,0.0601330967312954,0.00148769416514886,0.906761951293644,0.0316172578099114
"225",224,0.0600482637080808,0.00149608759544468,0.906657286663268,0.0317983620332067
"226",225,0.0599642629585116,0.00150451061292261,0.906550763975719,0.031980462452847
"227",226,0.0598810950878518,0.00151296350367115,0.906442377761773,0.0321635636467039
"228",227,0.0597987607139424,0.00152144655638186,0.906332122524577,0.0323476702050986
"229",228,0.0597172604672079,0.00152996006237643,0.906219992739693,0.0325327867307222
"230",229,0.0596365949906627,0.00153850431563394,0.906105982855149,0.0327189178385542
"231",230,0.0595567649399178,0.00154707961281841,0.905990087291484,0.0329060681557797
"232",231,0.0594777709831874,0.00155568625330659,0.905872300441802,0.0330942423217043
"233",232,0.0593996138012957,0.00156432453921596,0.905752616671821,0.0332834449876671
"234",233,0.0593222940876828,0.00157299477543307,0.905631030319932,0.0334736808169519
"235",234,0.0592458125484119,0.00158169726964201,0.90550753569725,0.0336649544846966
"236",235,0.0591701699021749,0.00159043233235324,0.905382127087671,0.0338572706778008
"237",236,0.0590953668802995,0.00159920027693267,0.905254798747937,0.0340506340948308
"238",237,0.0590214042267555,0.0016080014196309,0.90512554490769,0.0342450494459232
"239",238,0.0589482826981606,0.00161683607961287,0.90499435976954,0.0344405214526864
"240",239,0.0588760030637875,0.00162570457898762,0.904861237509125,0.0346370548481
"241",240,0.0588045661055695,0.00163460724283847,0.90472617227518,0.0348346543764122
"242",241,0.0587339726181072,0.00164354439925329,0.904589158189605,0.0350333247930353
"243",242,0.0586642234086746,0.00165251637935523,0.904450189347532,0.0352330708644384
"244",243,0.0585953192972254,0.00166152351733356,0.904309259817402,0.0354338973680393
"245",244,0.0585272611163991,0.00167056615047488,0.904166363641033,0.0356358090920929
"246",245,0.0584600497115272,0.00167964461919453,0.9040214948337,0.0358388108355788
"247",246,0.0583936859406394,0.00168875926706836,0.903874647384207,0.0360429074080851
"248",247,0.0583281706744698,0.00169791044086472,0.903725815254974,0.036248103629692
"249",248,0.058263504796463,0.00170709849057671,0.903574992382109,0.0364544043308512
"250",249,0.0581996892027801,0.00171632376945478,0.903422172675501,0.0366618143522648
"251",250,0.058136724802305,0.00172558663403956,0.903267350018895,0.0368703385447607
"252",251,0.0580746125166502,0.00173488744419498,0.903110518269989,0.0370799817691666
"253",252,0.0580133532801633,0.0017442265631417,0.902951671260515,0.0372907488961807
"254",253,0.0579529480399329,0.00175360435749081,0.902790802796335,0.0375026448062415
"255",254,0.0578933977557946,0.00176302119727781,0.902627906657534,0.0377156743893941
"256",255,0.057834703400337,0.0017724774559969,0.902462976598512,0.0379298425451543
"257",256,0.0577768659589083,0.00178197351063558,0.902296006348085,0.0381451541823711
"258",257,0.0577198864296217,0.00179150974170949,0.902126989609584,0.0383616142190857
"259",258,0.0576637658233619,0.00180108653329761,0.901955920060952,0.0385792275823892
"260",259,0.0576085051637914,0.00181070427307769,0.901782791354855,0.0387979992082767
"261",260,0.0575541054873559,0.00182036335236208,0.901607597118782,0.0390179340415001
"262",261,0.0575005678432915,0.00183006416613373,0.901430330955158,0.0392390370354175
"263",262,0.0574478932936297,0.00183980711308264,0.901250986441448,0.0394613131518405
"264",263,0.0573960829132045,0.00184959259564248,0.901069557130275,0.0396847673608788
"265",264,0.0573451377896582,0.00185942102002762,0.900886036549532,0.0399094046407827
"266",265,0.0572950590234478,0.00186929279627041,0.9007004182025,0.0401352299777824
"267",266,0.0572458477278509,0.00187920833825883,0.900512695567966,0.0403622483659248
"268",267,0.0571975050289726,0.00188916806377436,0.900322862100345,0.0405904648069084
"269",268,0.0571500320657514,0.00189917239453024,0.900130911229804,0.0408198843099144
"270",269,0.0571034299899659,0.00190922175621006,0.899936836362388,0.0410505118914362
"271",270,0.057057699966241,0.0019193165785066,0.899740630880148,0.0412823525751053
"272",271,0.0570128431720546,0.00192945729516104,0.899542288141269,0.0415154113915154
"273",272,0.0569688607977441,0.00193964434400247,0.899341801480211,0.041749693378043
"274",273,0.0569257540465129,0.00194987816698776,0.899139164207834,0.0419852035786656
"275",274,0.0568835241344373,0.0019601592102417,0.898934369611544,0.042221947043777
"276",275,0.0568421722904735,0.00197048792409749,0.89872741095543,0.0424599288299999
"277",276,0.0568016997564636,0.00198086476313761,0.898518281480404,0.0426991539999955
"278",277,0.0567621077871437,0.00199129018623494,0.898306974404351,0.0429396276222707
"279",278,0.0567233976501499,0.00200176465659426,0.898093482922275,0.0431813547709813
"280",279,0.0566855706260261,0.00201228864179408,0.897877800206446,0.0434243405257341
"281",280,0.056648628008231,0.00202286261382879,0.897659919406556,0.0436685899713842
"282",281,0.0566125711031453,0.00203348704915119,0.897439833649873,0.0439141081978306
"283",282,0.0565774012300794,0.00204416242871528,0.897217536041398,0.0441609002998082
"284",283,0.0565431197212809,0.00205488923801949,0.896993019664023,0.0444089713766773
"285",284,0.0565097279219422,0.00206566796715017,0.896766277578698,0.0446583265322097
"286",285,0.0564772271902086,0.00207649911082549,0.896537302824595,0.0449089708743717
"287",286,0.0564456188971858,0.00208738316843963,0.896306088419271,0.0451609095151041
"288",287,0.0564149044269485,0.00209832064410735,0.896072627358845,0.0454141475700999
"289",288,0.0563850851765485,0.00210931204670895,0.895836912618166,0.0456686901585772
"290",289,0.0563561625560232,0.00212035788993546,0.895598937150991,0.0459245424030506
"291",290,0.056328137988404,0.00213145869233432,0.895358693890163,0.0461817094290988
"292",291,0.0563010129097254,0.00214261497735534,0.895116175747791,0.0464401963651284
"293",292,0.056274788769034,0.00215382727339705,0.894871375615434,0.0467000083421358
"294",293,0.0562494670283972,0.00216509611385334,0.894624286364285,0.0469611504934646
"295",294,0.0562250491629132,0.00217642203716059,0.894374900845366,0.0472236279545605
"296",295,0.0562015366607203,0.00218780558684504,0.894123211889712,0.0474874458627228
"297",296,0.0561789310230067,0.00219924731157054,0.893869212308571,0.0477526093568522
"298",297,0.0561572337640207,0.00221074776518678,0.893612894893597,0.0480191235771959
"299",298,0.0561364464110809,0.00222230750677773,0.893354252417053,0.0482869936650885
"300",299,0.0561165705045866,0.00223392710071053,0.893093277632013,0.0485562247626906
"301",300,0.0560976075980291,0.00224560711668477,0.892829963272564,0.048826822012723
"302",301,0.0560795592580023,0.00225734812978209,0.892564302054018,0.0490987905581981
"303",302,0.0560624270642142,0.00226915072051619,0.892296286673123,0.0493721355421473
"304",303,0.0560462126094989,0.00228101547488317,0.892025909808273,0.0496468621073458
"305",304,0.0560309174998275,0.00229294298441066,0.891753164119721,0.0499229753960417
"306",305,0.0560165433543222,0.00230493384621363,0.891478042249816,0.0502004805496483
"307",306,0.0560030918052676,0.00231698866304224,0.891200536823214,0.0504793827084768
"308",307,0.0559905644981237,0.00232910804333307,0.890920640447093,0.0507596870114509
"309",308,0.0559789630915394,0.00234129260126309,0.890638345711395,0.0510413985958032
"310",309,0.0559682892573666,0.00235354295680192,0.890353645189051,0.0513245225967811
"311",310,0.0559585446806734,0.00236585973576482,0.890066531436217,0.0516090641473452
"312",311,0.0559497310597593,0.00237824356986613,0.889776996992509,0.0518950283778658
"313",312,0.0559418501061698,0.00239069509677309,0.889485034381243,0.0521824204158143
"314",313,0.0559349035447113,0.00240321496016001,0.889190636109678,0.0524712453854512
"315",314,0.0559288931134675,0.00241580380976291,0.888893794669259,0.0527615084075108
"316",315,0.0559238205638149,0.00242846230143447,0.888594502535869,0.0530532145988819
"317",316,0.0559196876604397,0.00244119109719946,0.888292752170077,0.0533463690722842
"318",317,0.0559164961813548,0.00245399086531046,0.887988536017393,0.0536409769359417
"319",318,0.0559142479179174,0.00246686228030412,0.887681846508527,0.0539370432932516
"320",319,0.0559129446748471,0.00247980602305766,0.887372676059646,0.0542345732424499
"321",320,0.0559125882702445,0.00249282278084588,0.887061017072637,0.0545335718762728
"322",321,0.0559131805356102,0.00250591324739853,0.886746861935378,0.0548340442816138
"323",322,0.0559147233158645,0.00251907812295811,0.886430203022,0.055135995539178
"324",323,0.0559172184693678,0.00253231811433804,0.886111032693163,0.0554394307231312
"325",324,0.0559206678679415,0.00254563393498124,0.885789343296332,0.0557443549007456
"326",325,0.0559250733968892,0.00255902630501915,0.88546512716605,0.0560507731320417
"327",326,0.0559304369550188,0.00257249595133113,0.885138376624224,0.0563586904694258
"328",327,0.0559367604546656,0.00258604360760427,0.884809083980407,0.0566681119573236
"329",328,0.0559440458217152,0.0025996700143936,0.884477241532082,0.0569790426318096
"330",329,0.0559522949956279,0.00261337591918277,0.884142841564957,0.0572914875202325
"331",330,0.0559615099294632,0.00262716207644507,0.883805876353255,0.0576054516408368
"332",331,0.0559716925899055,0.0026410292477049,0.88346633816001,0.0579209400023797
"333",332,0.0559828449572903,0.00265497820159965,0.883124219237366,0.0582379576037439
"334",333,0.0559949690256311,0.00266900971394201,0.88277951182688,0.0585565094335468
"335",334,0.0560080668026471,0.00268312456778268,0.882432208159826,0.0588766004697448
"336",335,0.0560221403097919,0.00269732355347348,0.882082300457501,0.0591982356792341
"337",336,0.0560371915822829,0.00271160746873096,0.88172978093154,0.059521420017446
"338",337,0.0560532226691314,0.00272597711870033,0.881374641784229,0.0598461584279395
"339",338,0.056070235633174,0.00274043331601987,0.881016875208818,0.0601724558419886
"340",339,0.0560882325511042,0.00275497688088576,0.880656473389845,0.0605003171781651
"341",340,0.0561072155135056,0.00276960864111734,0.880293428503459,0.0608297473419183
"342",341,0.0561271866248857,0.00278432943222274,0.879927732717743,0.0611607512251488
"343",342,0.0561481480037105,0.00279914009746505,0.879559378193046,0.0614933337057787
"344",343,0.0561701017824409,0.00281404148792877,0.879188357082313,0.0618274996473178
"345",344,0.0561930501075688,0.00282903446258683,0.87881466153142,0.0621632538984245
"346",345,0.0562169951396555,0.00284411988836794,0.878438283679514,0.0625006012924624
"347",346,0.0562419390533704,0.00285929864022443,0.878059215659352,0.0628395466470535
"348",347,0.0562678840375309,0.00287457160120049,0.877677449597644,0.0631800947636253
"349",348,0.056294832295144,0.00288993966250085,0.877292977615401,0.0635222504269543
"350",349,0.0563227860434481,0.00290540372355992,0.876905791828287,0.0638660184047052
"351",350,0.0563517475139567,0.00292096469211129,0.876515884346967,0.0642114034469649
"352",351,0.0563817189525031,0.0029366234842578,0.876123247277467,0.0645584102857723
"353",352,0.0564127026192864,0.00295238102454187,0.875727872721529,0.0649070436346435
"354",353,0.0564447007889181,0.00296823824601643,0.875329752776974,0.0652573081880921
"355",354,0.0564777157504713,0.00298419609031621,0.874928879538068,0.0656092086211452
"356",355,0.0565117498075303,0.00300025550772945,0.874525245095886,0.0659627495888546
"357",356,0.0565468052782412,0.00301641745727011,0.874118841538685,0.0663179357258036
"358",357,0.0565828844953651,0.00303268290675048,0.873709660952276,0.0666747716456086
"359",358,0.0566199898063317,0.00304905283285423,0.873297695420398,0.067033261940416
"360",359,0.0566581235732948,0.00306552822120993,0.8728829370251,0.0673934111803954
"361",360,0.0566972881731891,0.00308211006646502,0.87246537784712,0.0677552239132267
"362",361,0.0567374859977886,0.00309879937236016,0.872045009966269,0.0681187046635829
"363",362,0.0567787194537665,0.00311559715180409,0.871621825461821,0.068483857932609
"364",363,0.056820990962757,0.00313250442694891,0.8711958164129,0.0688506881973945
"365",364,0.0568643029614181,0.00314952222926583,0.870766974898874,0.0692191999104423
"366",365,0.0569086579014966,0.00316665159962131,0.87033529299975,0.0695893974991325
"367",366,0.0569540582498943,0.00318389358835372,0.869900762796571,0.069961285365181
"368",367,0.0570005064887368,0.0032012492553504,0.86946337637182,0.0703348678840937
"369",368,0.057048005115443,0.00321871967012518,0.869023125809817,0.0707101494046153
"370",369,0.057096556642797,0.00323630591189638,0.868580003197134,0.0710871342481737
"371",370,0.0571461635990219,0.00325400906966519,0.868134000622995,0.0714658267083191
"372",371,0.0571968285278551,0.00327183024229459,0.867685110179693,0.0718462310501585
"373",372,0.057248553988626,0.00328977053858866,0.867233323963001,0.0722283515097849
"374",373,0.0573013425563352,0.00330783107737237,0.866778634072591,0.0726121922937018
"375",374,0.057355196821736,0.0033260129875718,0.86632103261245,0.0729977575782426
"376",375,0.0574101193914177,0.00334431740829485,0.865860511691303,0.0733850515089851
"377",376,0.0574661128878916,0.00336274548891237,0.865397063423036,0.0737740782001606
"378",377,0.057523179949678,0.00338129838913978,0.864930679927124,0.0741648417340586
"379",378,0.0575813232313967,0.0033999772791191,0.864461353329059,0.0745573461604262
"380",379,0.0576405454038586,0.00341878333950148,0.863989075760779,0.074951595495862
"381",380,0.0577008491541602,0.00343771776153019,0.863513839361105,0.0753475937232056
"382",381,0.0577622371857803,0.003456781747124,0.863035636276175,0.0757453447909218
"383",382,0.0578247122186788,0.00347597650896111,0.862554458659882,0.0761448526124792
"384",383,0.0578882769893985,0.00349530327056351,0.862070298674314,0.0765461210657248
"385",384,0.0579529342511682,0.00351476326638172,0.861583148490199,0.0769491539922521
"386",385,0.0580186867740098,0.00353435774188014,0.861093000287346,0.0773539551967652
"387",386,0.0580855373448466,0.00355408795362271,0.860599846255095,0.0777605284464373
"388",387,0.0581534887676152,0.00357395516935917,0.860103678592763,0.0781688774702638
"389",388,0.058222543863379,0.00359396066811167,0.8596044895101,0.0785790059584106
"390",389,0.0582927054704458,0.00361410574026187,0.859102271227736,0.0789909175615574
"391",390,0.0583639764444865,0.00363439168763857,0.858597015977641,0.0794046158902351
"392",391,0.0584363596586581,0.00365481982360576,0.858088716003579,0.0798201045141583
"393",392,0.0585098580037284,0.00367539147315106,0.857577363561568,0.0802373869615534
"394",393,0.0585844743882043,0.00369610797297479,0.857062950920342,0.08065646671848
"395",394,0.0586602117384627,0.00371697067157934,0.856545470361811,0.0810773472281482
"396",395,0.0587370729988845,0.00373798092935912,0.856024914181527,0.0815000318902303
"397",396,0.058815061131992,0.00375914011869095,0.855501274689151,0.0819245240601669
"398",397,0.0588941791185886,0.00378044962402487,0.854974544208919,0.0823508270484686
"399",398,0.0589744299579025,0.00380191084197548,0.854444715080112,0.0827789441200115
"400",399,0.0590558166677333,0.00382352518141374,0.853911779657527,0.0832088784933277
"401",400,0.0591383422846015,0.00384529406355921,0.85337573031195,0.0836406333398911
"402",401,0.0592220098639023,0.00386721892207278,0.852836559430629,0.084074211783397
"403",402,0.0593068224800618,0.00388930120314989,0.852294259417752,0.0845096168990371
"404",403,0.0593927832266974,0.0039115423656142,0.851748822694921,0.0849468517127687
"405",404,0.0594798952167809,0.00393394388101174,0.85120024170163,0.0853859192005788
"406",405,0.0595681615828064,0.00395650723370552,0.850648508895746,0.0858268222877431
"407",406,0.0596575854769606,0.00397923392097067,0.850093616753991,0.0862695638480792
"408",407,0.0597481700712975,0.00400212545308999,0.849535557772419,0.0867141467031949
"409",408,0.0598399185579168,0.00402518335345001,0.848974324466904,0.0871605736217307
"410",409,0.059932834149146,0.00404840915863755,0.84840990937362,0.0876088473185974
"411",410,0.0600269200777265,0.00407180441853669,0.84784230504953,0.0880589704542082
"412",411,0.0601221795970033,0.00409537069642631,0.847271504072867,0.0885109456337052
"413",412,0.0602186159811196,0.00411910956907806,0.846697499043623,0.0889647754061808
"414",413,0.0603162325252144,0.0041430226268548,0.846120282584038,0.089420462263894
"415",414,0.0604150325456251,0.00416711147380956,0.845539847339086,0.0898780086414806
"416",415,0.0605150193800939,0.00419137772778499,0.844956185976964,0.0903374169151584
"417",416,0.0606161963879787,0.00421582302051324,0.844369291189582,0.0907986894019276
"418",417,0.0607185669504681,0.00424044899771639,0.843779155693053,0.0912618283587646
"419",418,0.0608221344708013,0.00426525731920735,0.843185772228181,0.0917268359818115
"420",419,0.060926902374492,0.00429024965899122,0.842589133560959,0.0921937144055599
"421",420,0.0610328741095571,0.00431542770536719,0.841989232483048,0.0926624657020289
"422",421,0.0611400531467502,0.0043407931610309,0.841386061812282,0.0931330918799383
"423",422,0.0612484429797996,0.0043663477431773,0.840779614393149,0.0936055948838761
"424",423,0.0613580471256511,0.00439209318360402,0.840169883097286,0.0940799765934608
"425",424,0.0614688691247159,0.00441803122881525,0.839556860823973,0.0945562388224978
"426",425,0.0615809125411228,0.00444416364012604,0.838940540500622,0.0950343833181315
"427",426,0.0616941809629765,0.00447049219376722,0.838320915083268,0.0955144117599905
"428",427,0.0618086780026202,0.00449701868099072,0.837697977557062,0.0959963257593288
"429",428,0.0619244072969031,0.00452374490817548,0.837071720936762,0.096480126858161
"430",429,0.0620413725074542,0.00455067269693377,0.836442138267222,0.096965816528392
"431",430,0.0621595773209603,0.00457780388421814,0.835809222623882,0.0974533961709416
"432",431,0.0622790254494505,0.00460514032242874,0.835172967113259,0.0979428671148635
"433",432,0.0623997206305849,0.0046326838795213,0.834533364873437,0.0984342306164591
"434",433,0.0625216666279498,0.00466043643911549,0.833890409074551,0.0989274878583861
"435",434,0.0626448672313588,0.00468839990060391,0.833244092919278,0.0994226399487608
"436",435,0.0627693262571581,0.0047165761792615,0.832594409643326,0.0999196879202566
"437",436,0.0628950475485394,0.00474496720635557,0.831941352515911,0.100418632729196
"438",437,0.0630220349758578,0.00477357492925626,0.831284914840252,0.100919475254636
"439",438,0.0631502924369551,0.00480240131154761,0.830625089954046,0.101422216297453
"440",439,0.0632798238574905,0.0048314483331391,0.829961871229957,0.101926856579416
"441",440,0.0634106331912764,0.00486071799037775,0.82929525207609,0.102433396742258
"442",441,0.0635427244206209,0.00489021229616075,0.828625225936478,0.102941837346742
"443",442,0.0636761015566761,0.00491993328004863,0.827951786291555,0.103452178871722
"444",443,0.0638107686397933,0.00494988298837899,0.827274926658633,0.103964421713197
"445",444,0.0639467297398846,0.00498006348438069,0.826594640592379,0.104478566183358
"446",445,0.0640839889567906,0.00501047684828873,0.825910921685286,0.104994612509637
"447",446,0.0642225504206555,0.00504112517745956,0.825223763568143,0.105512560833745
"448",447,0.0643624182923079,0.00507201058648698,0.824533159910508,0.106032411210699
"449",448,0.0645035967636497,0.00510313520731864,0.823839104421172,0.106554163607862
"450",449,0.0646460900580506,0.00513450118937304,0.823141590848625,0.107077817903954
"451",450,0.0647899024307508,0.00516611069965712,0.822440612981517,0.107603373888077
"452",451,0.0649350381692693,0.00519796592288445,0.821736164649121,0.108130831258728
"453",452,0.0650815015938215,0.00523006906159391,0.821028239721786,0.108660189622801
"454",453,0.0652292970577414,0.00526242233626908,0.8203168321114,0.109191448494592
"455",454,0.0653784289479138,0.00529502798545806,0.819601935771833,0.109724607294798
"456",455,0.0655289016852119,0.00532788826589399,0.818883544699393,0.110259665349504
"457",456,0.0656807197249437,0.0053610054526161,0.818161652933272,0.11079662188917
"458",457,0.0658338875573052,0.00539438183909141,0.817436254555988,0.111335476047618
"459",458,0.065988409707842,0.00542801973733694,0.816707343693825,0.111876226860999
"460",459,0.0661442907379179,0.00546192147804263,0.815974914517273,0.112418873266769
"461",460,0.0663015352451927,0.00549608941069478,0.815238961241461,0.112963414102655
"462",461,0.0664601478641062,0.00553052590370019,0.814499478126585,0.113509848105611
"463",462,0.0666201332663721,0.00556523334451081,0.813756459478342,0.114058173910779
"464",463,0.0667814961614786,0.00560021413974915,0.813009899648343,0.114608390050432
"465",464,0.0669442412971984,0.0056354707153342,0.812259793034543,0.115160494952928
"466",465,0.0671083734601061,0.00567100551660806,0.81150613408165,0.115714486941639
"467",466,0.0672738974761051,0.00570682100846319,0.810748917281539,0.116270364233896
"468",467,0.0674408182109619,0.00574291967547029,0.809988137173661,0.11682812493991
