"","Time","SC","IC","SN","IN"
"1",0,0.1,0,0.891,0.00900000000000001
"2",1,0.09973159921623,6.02970116748648e-06,0.891214994892549,0.00904737619005357
"3",2,0.0994641292454245,1.2058842331126e-05,0.891428745747873,0.00909506616437144
"4",3,0.0991975885843822,1.80874988905922e-05,0.89164125228544,0.00914307163128701
"5",4,0.0989319759238061,2.41157369180316e-05,0.891852514246479,0.00919139409279656
"6",5,0.0986672895261437,3.01436446692427e-05,0.89206253126876,0.0092400355604271
"7",6,0.0984035279759732,3.61712949328934e-05,0.89227130302979,0.00928899769930336
"8",7,0.0981406898036212,4.21987637810429e-05,0.892478829177639,0.0093382822549591
"9",8,0.0978787735481198,4.82261274667197e-05,0.892685109341949,0.00938789098246496
"10",9,0.0976177777571914,5.42534624227924e-05,0.892890143133968,0.00943782564641736
"11",10,0.0973577009872673,6.02808452656888e-05,0.893093930146484,0.00948808802098339
"12",11,0.0970985418035069,6.63083527986731e-05,0.893296469953754,0.00953867988994021
"13",12,0.0968402987792692,7.23360620031204e-05,0.893497762112617,0.00958960304611019
"14",13,0.096582970497893,7.83640500801481e-05,0.893697806158683,0.00964085929334348
"15",14,0.096326555550774,8.43923944125755e-05,0.893896601610392,0.00969245044442109
"16",15,0.0960710525381111,9.04211725834531e-05,0.894094147967413,0.00974437832189219
"17",16,0.0958164600689864,9.64504623810184e-05,0.89429044471045,0.00979664475818258
"18",17,0.0955627767613226,0.000102480341800786,0.89448549130131,0.00984925159556648
"19",18,0.0953100012419039,0.000108510889049405,0.894679287182836,0.00990220068621027
"20",19,0.0950581321463936,0.000114542182547994,0.894871831778848,0.00995549389220982
"21",20,0.0948071681193529,0.000120574300935697,0.895063124494081,0.01000913308563
"22",21,0.0945571078142606,0.000126607323073453,0.895253164714119,0.0100631201485465
"23",22,0.0943079498935322,0.000132641328047651,0.895441951805335,0.0101174569730852
"24",23,0.0940596930285387,0.00013867639517385,0.895629485114824,0.0101721454614629
"25",24,0.0938123358996259,0.000144712604000529,0.895815763970346,0.0102271875260274
"26",25,0.0935658771961338,0.000150750034312883,0.896000787680255,0.0102825850892979
"27",26,0.0933203156164155,0.000156788766136655,0.896184555533443,0.0103383400840051
"28",27,0.0930756498678565,0.000162828879742002,0.89636706679927,0.0103944544531317
"29",28,0.0928318786668943,0.000168870455647403,0.896548320727506,0.0104509301499527
"30",29,0.0925890007390373,0.000174913574623606,0.896728316548263,0.0105077691380758
"31",30,0.0923470148188843,0.00018095831769761,0.896907053471936,0.010564973391482
"32",31,0.0921059196501442,0.000187004766156691,0.897084530689134,0.0106225448945654
"33",32,0.0918657139856548,0.000193053001552469,0.897260747370618,0.0106804856421743
"34",33,0.091626396587403,0.000199103105705011,0.897435702667241,0.0107387976396511
"35",34,0.0913879662265436,0.000205155160706978,0.897609395709877,0.0107974829028729
"36",35,0.0911504216834195,0.000211209248927815,0.897781825609361,0.0108565434582921
"37",36,0.0909137617475808,0.000217265453017977,0.897952991456425,0.0109159813429764
"38",37,0.0906779852178046,0.000223323855913208,0.898122892321633,0.0109757986046494
"39",38,0.0904430909021148,0.000229384540838853,0.898291527255315,0.0110359973017311
"40",39,0.0902090776178015,0.000235447591314215,0.898458895287506,0.0110965795033782
"41",40,0.0899759441914413,0.000241513091156965,0.898624995427878,0.0111575472895242
"42",41,0.0897436894589163,0.000247581124487584,0.898789826665676,0.0112189027509204
"43",42,0.0895123122654348,0.000253651775733859,0.898953387969656,0.0112806479891754
"44",43,0.0892818114655505,0.000259725129635418,0.899115678288018,0.0113427851167961
"45",44,0.0890521859231832,0.00026580127124832,0.899276696548341,0.0114053162572276
"46",45,0.0888234345116378,0.00027188028594968,0.899436441657519,0.0114682435448937
"47",46,0.0885955561136253,0.000277962259442351,0.899594912501696,0.0115315691252367
"48",47,0.0883685496212822,0.000284047277759648,0.899752107946201,0.0115952951547581
"49",48,0.0881424139361912,0.000290135427270122,0.899908026835481,0.0116594238010585
"50",49,0.0879171479694008,0.000296226794682383,0.90006266799304,0.0117239572428777
"51",50,0.0876927506414462,0.000302321467049972,0.90021603022137,0.0117888976701347
"52",51,0.0874692208823689,0.00030841953177628,0.900368112301887,0.0118542472839679
"53",52,0.0872465576317376,0.000314521076619523,0.900518912994868,0.011920008296775
"54",53,0.0870247598386684,0.000320626189697765,0.900668431039382,0.0119861829322528
"55",54,0.0868038264618453,0.000326734959493988,0.900816665153224,0.0120527734254371
"56",55,0.0865837564695405,0.000332847474861223,0.900963614032856,0.0121197820227426
"57",56,0.0863645488396355,0.000338963825027728,0.901109276353335,0.0121872109820025
"58",57,0.0861462025596409,0.000345084099602216,0.901253650768249,0.0122550625725082
"59",58,0.085928716626718,0.000351208388579148,0.901396735909655,0.012323339075049
"60",59,0.0857120900476988,0.000357336782344069,0.901538530388006,0.0123920427819513
"61",60,0.0854963218391075,0.000363469371679002,0.901679032792096,0.0124611759971183
"62",61,0.0852814110271804,0.000369606247767903,0.901818241688983,0.0125307410360693
"63",62,0.085067356647888,0.000375747502202168,0.901956155623931,0.012600740225979
"64",63,0.0848541577469551,0.000381893226986193,0.902092773120343,0.0126711759057164
"65",64,0.084641813379882,0.000388043514543001,0.902228092679692,0.0127420504258842
"66",65,0.0844303226119661,0.000394198457719918,0.902362112781457,0.0128133661488576
"67",66,0.0842196845183223,0.000400358149794312,0.902494831883061,0.0128851254488232
"68",67,0.0840098981839051,0.000406522684479394,0.902626248419798,0.0129573307118179
"69",68,0.0838009627035291,0.000412692155930073,0.902756360804775,0.0130299843357672
"70",69,0.0835928771818909,0.000418866658748876,0.902885167428837,0.013103088730524
"71",70,0.0833856407335903,0.000425046287991927,0.903012666660511,0.0131766463179071
"72",71,0.0831792524831519,0.000431231139174992,0.903138856845935,0.0132506595317392
"73",72,0.0829737115650466,0.000437421308279581,0.903263736308789,0.0133251308178854
"74",73,0.0827690171237132,0.000443616891759118,0.903387303350238,0.0134000626342908
"75",74,0.0825651683135803,0.000449817986545172,0.903509556248857,0.0134754574510188
"76",75,0.0823621642990878,0.000456024690053759,0.903630493260571,0.0135513177502886
"77",76,0.0821600042547089,0.000462237100191697,0.903750112618587,0.0136276460265129
"78",77,0.0819586873649721,0.000468455315363043,0.90386841253333,0.0137044447863353
"79",78,0.0817582128244829,0.000474679434475585,0.903985391192375,0.0137817165486677
"80",79,0.0815585798379461,0.000480909556947406,0.90410104676038,0.0138594638447273
"81",80,0.081359787620188,0.000487145782713516,0.904215377379026,0.0139376892180733
"82",81,0.0811618353961783,0.000493388212232557,0.904328381166945,0.0140163952246445
"83",82,0.0809647224010525,0.000499636946493567,0.90444005621966,0.0140955844327951
"84",83,0.0807684478801344,0.00050589208702283,0.904550400609512,0.0141752594233313
"85",84,0.0805730110889583,0.000512153735890783,0.904659412385604,0.014255422789548
"86",85,0.0803784112932918,0.000518421995719006,0.904767089573726,0.0143360771372643
"87",86,0.0801846477691579,0.000524696969687278,0.904873430176296,0.0144172250848597
"88",87,0.0799917198028582,0.000530978761540708,0.904978432172292,0.0144988692633096
"89",88,0.0797996266909951,0.000537267475596945,0.905082093517188,0.0145810123162206
"90",89,0.0796083677404952,0.000543563216753458,0.905184412142886,0.0146636568998661
"91",90,0.0794179422686316,0.000549866090494895,0.905285385957653,0.0147468056832212
"92",91,0.0792283496030471,0.000556176202900518,0.905385012846056,0.0148304613479971
"93",92,0.0790395890817775,0.000562493660651714,0.905483290668895,0.0149146265886761
"94",93,0.0788516600532743,0.000568818571039589,0.905580217263141,0.0149993041125459
"95",94,0.0786645618764283,0.00057515104197264,0.905675790441866,0.0150844966397333
"96",95,0.0784782939205923,0.0005814911819845,0.905770007994185,0.0151702069032384
"97",96,0.0782928555656054,0.000587839100241779,0.905862867685185,0.0152564376489681
"98",97,0.0781082462018154,0.000594194906551971,0.905954367255864,0.0153431916357691
"99",98,0.0779244652301032,0.000600558711371454,0.906044504423064,0.0154304716354614
"100",99,0.077741512061906,0.000606930625813571,0.90613327687941,0.0155182804328709
"101",100,0.0775593861192409,0.000613310761656796,0.906220682293241,0.0156066208258616
"102",101,0.0773780868347291,0.000619699231352983,0.90630671830855,0.0156954956253684
"103",102,0.0771976136516194,0.000626096148035705,0.906391382544917,0.0157849076554283
"104",103,0.0770179660238124,0.000632501625528678,0.906474672597446,0.0158748597532128
"105",104,0.0768391434158844,0.000638915778354271,0.906556586036703,0.0159653547690584
"106",105,0.0766611453031115,0.000645338721742116,0.906637120408648,0.0160563955664982
"107",106,0.0764839711714941,0.00065177057163779,0.906716273234576,0.0161479850222924
"108",107,0.076307620517781,0.000658211444711604,0.906794042011049,0.0162401260264586
"109",108,0.0761320928494938,0.000664661458367479,0.906870424209837,0.0163328214823016
"110",109,0.0759573876849515,0.000671120730751908,0.906945417277853,0.0164260743064437
"111",110,0.0757835045532948,0.000677589380763024,0.907019018637089,0.0165198874288535
"112",111,0.0756104429945113,0.000684067528059752,0.907091225684554,0.0166142637928749
"113",112,0.0754382025594598,0.000690555293071065,0.907162035792213,0.0167092063552561
"114",113,0.0752667828098954,0.000697052797005331,0.907231446306922,0.0168047180861773
"115",114,0.0750961833184943,0.00070356016185976,0.907299454550367,0.0169008019692793
"116",115,0.0749264036688791,0.000710077510429951,0.907366057819001,0.0169974610016901
"117",116,0.0747574434556435,0.000716604966319539,0.907431253383985,0.0170946981940527
"118",117,0.0745893022843781,0.000723142653949938,0.907495038491121,0.0171925165705516
"119",118,0.0744219797716954,0.000729690698570193,0.907557410360796,0.0172909191689389
"120",119,0.0742554755452551,0.000736249226266929,0.907618366187918,0.0173899090405605
"121",120,0.07408978924379,0.000742818363974409,0.907677903141855,0.0174894892503812
"122",121,0.0739249205171314,0.000749398239484693,0.907736018366374,0.01758966287701
"123",122,0.0737608690262349,0.000755988981457904,0.907792708979583,0.0176904330127247
"124",123,0.0735976344432061,0.000762590719432605,0.907847972073866,0.0177918027634956
"125",124,0.0734352164513266,0.000769203583836278,0.907901804715828,0.0178937752490098
"126",125,0.0732736147450802,0.00077582770599592,0.907954203946231,0.0179963536026939
"127",126,0.0731128290301788,0.000782463218148739,0.908005166779936,0.0180995409717373
"128",127,0.0729528590235886,0.000789110253452975,0.908054690205845,0.0182033405171138
"129",128,0.0727937044535566,0.000795768945998821,0.908102771186841,0.0183077554136038
"130",129,0.0726353650596371,0.000802439430819469,0.908149406659729,0.0184127888498155
"131",130,0.0724778405927178,0.000809121843902259,0.908194593535175,0.0185184440282057
"132",131,0.0723211308150471,0.00081581632219996,0.908238328697654,0.0186247241650998
"133",132,0.0721652355002602,0.00082252300364215,0.908280609005387,0.0187316324907119
"134",133,0.0720101544334065,0.000829242027146731,0.908321431290284,0.0188391722491638
"135",134,0.0718558874109762,0.000835973532631553,0.90836079235789,0.0189473466985034
"136",135,0.0717024342409275,0.000842717661026167,0.908398688987324,0.0190561591107234
"137",136,0.0715497947427139,0.000849474554283689,0.908435117931225,0.0191656127717782
"138",137,0.0713979687473111,0.000856244355392801,0.908470075915696,0.0192757109816013
"139",138,0.0712469560972449,0.000863027208389868,0.908503559640245,0.0193864570541213
"140",139,0.0710967566466185,0.000869823258371182,0.908535565777733,0.0194978543172779
"141",140,0.0709473702611401,0.000876632651505332,0.908566090974318,0.0196099061130373
"142",141,0.0707987968181504,0.00088345553504571,0.908595131849398,0.0197226157974062
"143",142,0.0706510362066512,0.000890292057343136,0.90862268499556,0.0198359867404462
"144",143,0.0705040883273324,0.000897142367858623,0.908648746978523,0.0199500223262869
"145",144,0.0703579530926008,0.000904006617176266,0.908673314337085,0.0200647259531387
"146",145,0.070212630426608,0.000910884957016272,0.908696383583072,0.0201801010333046
"147",146,0.0700681202652789,0.00091777754024812,0.908717951201282,0.0202961509931919
"148",147,0.0699244225563399,0.000924684520903861,0.908738013649434,0.0204128792733224
"149",148,0.0697815372593475,0.000931606054191548,0.908756567358118,0.0205302893283429
"150",149,0.0696394643457173,0.000938542296508818,0.90877360873074,0.020648384627034
"151",150,0.0694982037987524,0.000945493405456599,0.908789134143472,0.0207671686523191
"152",151,0.0693577556136725,0.00095245953985297,0.908803139945203,0.0208866449012719
"153",152,0.0692181197976429,0.000959440859747159,0.908815622457486,0.0210068168851239
"154",153,0.0690792963698038,0.000966437526433685,0.908826577974492,0.0211276881292704
"155",154,0.0689412853612994,0.00097344970246665,0.908836002762958,0.0212492621732766
"156",155,0.0688040868153075,0.000980477551674172,0.908843893062137,0.0213715425708821
"157",156,0.068667700787069,0.000987521239172969,0.908850245083753,0.021494532890005
"158",157,0.0685321273439174,0.000994580931383099,0.908855055011954,0.0216182367127455
"159",158,0.0683973665653089,0.00100165679604284,0.908858319003261,0.0217426576353883
"160",159,0.0682634185428523,0.00100874900222373,0.908860033186521,0.0218677992684039
"161",160,0.0681302833803388,0.00101585772034577,0.908860193662866,0.0219936652364502
"162",161,0.0679979611937726,0.00102298312219275,0.908858796505663,0.022120259178372
"163",162,0.067866452111401,0.00103012538092779,0.908855837760471,0.0222475847472004
"164",163,0.067735756273745,0.00103728467110897,0.908851313444996,0.022375645610151
"165",164,0.0676058738336296,0.00104446116870518,0.908845219549044,0.0225044454486216
"166",165,0.0674768049562153,0.0010516550511121,0.908837552034485,0.0226339879581884
"167",166,0.0673485498190281,0.00105886649716835,0.908828306835202,0.022764276848602
"168",167,0.0672211086119914,0.0010660956871718,0.908817479857055,0.0228953158437822
"169",168,0.0670944815374564,0.00107334280289608,0.908805066977837,0.0230271086818114
"170",169,0.0669686688102341,0.0010806080276072,0.908791064047232,0.0231596591149279
"171",170,0.0668436706576264,0.00108789154608035,0.908775466886776,0.0232929709095177
"172",171,0.0667194873194578,0.00109519354461699,0.90875827128982,0.0234270478461055
"173",172,0.0665961190481073,0.00110251421106187,0.908739473021487,0.0235618937193446
"174",173,0.0664735661085404,0.00110985373482052,0.908719067818633,0.0236975123380062
"175",174,0.0663518287783407,0.00111721230687664,0.908697051389816,0.023833907524967
"176",175,0.0662309073477428,0.00112459011980986,0.908673419415251,0.0239710831171963
"177",176,0.0661108021196643,0.00113198736781361,0.90864816754678,0.0241090429657423
"178",177,0.0659915134097385,0.00113940424671314,0.908621291407833,0.0242477909357163
"179",178,0.0658730415463469,0.0011468409539838,0.908592786593392,0.0243873309062774
"180",179,0.0657553868706525,0.00115429768876943,0.908562648669964,0.0245276667706144
"181",180,0.0656385497366326,0.00116177465190096,0.908530873175539,0.024668802435928
"182",181,0.065522530511112,0.00116927204591525,0.908497455619562,0.0248107418234111
"183",182,0.0654073295737962,0.00117679007507403,0.908462391482902,0.0249534888682284
"184",183,0.0652929473173056,0.00118432894538308,0.908425676217817,0.0250970475194946
"185",184,0.0651793841472084,0.00119188886461164,0.908387305247929,0.0252414217402514
"186",185,0.0650666404820555,0.00119947004231207,0.908347273968189,0.0253866155074436
"187",186,0.0649547167534137,0.00120707268983955,0.908305577744853,0.0255326328118938
"188",187,0.0648436134058997,0.00121469702037146,0.908262211915452,0.0256794776582766
"189",188,0.0647333308972155,0.00122234324892833,0.908217171788766,0.0258271540650902
"190",189,0.0646238696981825,0.00123001159239398,0.908170452644796,0.0259756660646277
"191",190,0.0645152302927766,0.00123770226953601,0.90812204973474,0.0261250177029472
"192",191,0.064407413178163,0.00124541550102661,0.90807195828097,0.0262752130398402
"193",192,0.0643004188647313,0.00125315150946351,0.908020173477006,0.0264262561487991
"194",193,0.0641942478761311,0.00126091051939121,0.907966690487495,0.0265781511169833
"195",194,0.0640889007493076,0.00126869275732231,0.907911504448187,0.0267309020451837
"196",195,0.063984378034537,0.0012764984517592,0.907854610465917,0.0268845130477865
"197",196,0.0638806802954631,0.00128432783321586,0.907796003618586,0.0270389882527349
"198",197,0.0637778081091327,0.00129218113423987,0.907735678955138,0.02719433180149
"199",198,0.0636757620660329,0.00130005858943472,0.907673631495543,0.02735054784899
"200",199,0.0635745427701269,0.0013079604354823,0.907609856230782,0.0275076405636085
"201",200,0.0634741508388915,0.00131588691116556,0.907544348122833,0.0276656141271104
"202",201,0.0633745869033535,0.0013238382573915,0.907477102104648,0.0278244727346075
"203",202,0.0632758516081275,0.00133181471721429,0.907408113080146,0.027984220594512
"204",203,0.063177945611453,0.00133981653585867,0.9073373759242,0.0281448619284884
"205",204,0.0630808695852324,0.00134784396074359,0.90726488548262,0.0283064009714046
"206",205,0.0629846242150689,0.00135589724150604,0.907190636572145,0.0284688419712808
"207",206,0.0628892102003043,0.00136397663002516,0.907114623980434,0.0286321891892372
"208",207,0.0627946282540578,0.00137208238044653,0.907036842466056,0.0287964468994402
"209",208,0.0627008791032649,0.00138021474920677,0.906957286758482,0.028961619389047
"210",209,0.0626079634887154,0.00138837399505835,0.906875951558078,0.0291277109581483
"211",210,0.0625158821650934,0.00139656037909459,0.906792831536102,0.02929472591971
"212",211,0.0624246359010166,0.00140477416477501,0.906707921334696,0.0294626685995127
"213",212,0.0623342254790753,0.00141301561795085,0.906621215566884,0.0296315433360901
"214",213,0.0622446516958731,0.00142128500689085,0.906532708816571,0.0298013544806652
"215",214,0.0621559153620666,0.00142958260230732,0.906442395638541,0.0299721063970856
"216",215,0.0620680173024062,0.00143790867738241,0.906350270558456,0.0301438034617558
"217",216,0.0619809583557764,0.0014462635077947,0.90625632807286,0.0303164500635694
"218",217,0.0618947393752372,0.00145464737174595,0.906160562649179,0.0304900506038383
"219",218,0.0618093612280651,0.00146306054998826,0.906062968725726,0.0306646094962208
"220",219,0.0617248247957949,0.00147150332585132,0.905963540711706,0.0308401311666477
"221",220,0.0616411309742614,0.00147997598527008,0.905862272987222,0.0310166200532466
"222",221,0.0615582806736416,0.00148847881681255,0.905759159903281,0.0311940806062646
"223",222,0.0614762748184971,0.001497012111708,0.905654195781806,0.0313725172879889
"224",223,0.0613951143478173,0.00150557616387535,0.905547374915642,0.0315519345726654
"225",224,0.0613148002150617,0.00151417126995181,0.90543869156857,0.0317323369464162
"226",225,0.0612353333882039,0.00152279772932192,0.90532813997532,0.0319137289071542
"227",226,0.0611567148497753,0.0015314558441467,0.905215714341582,0.0320961149644967
"228",227,0.0610789455969088,0.00154014591939325,0.905101408844022,0.032279499639676
"229",228,0.0610020266413836,0.00154886826286448,0.904985217630303,0.0324638874654494
"230",229,0.0609259590096694,0.00155762318522927,0.904867134819096,0.0326492829860059
"231",230,0.0608507437429721,0.00156641100005277,0.904747154500104,0.0328356907568717
"232",231,0.0607763818972789,0.00157523202382712,0.904625270734081,0.0330231153448135
"233",232,0.0607028745434038,0.00158408657600242,0.904501477552854,0.0332115613277396
"234",233,0.0606302227670345,0.00159297497901792,0.904375768959349,0.033401033294599
"235",234,0.0605584276687781,0.00160189755833363,0.90424813892761,0.0335915358452785
"236",235,0.0604874903642086,0.00161085464246216,0.904118581402832,0.0337830735904977
"237",236,0.0604174119839139,0.00161984656300084,0.903987090301384,0.0339756511517015
"238",237,0.0603481936735435,0.00162887365466423,0.903853659510841,0.0341692731609512
"239",238,0.0602798365938565,0.00163793625531687,0.903718282890015,0.0343639442608122
"240",239,0.0602123419207704,0.00164703470600633,0.903580954268982,0.0345596691042411
"241",240,0.0601457108454098,0.00165616935099664,0.903441667449125,0.0347564523544689
"242",241,0.0600799445741554,0.00166534053780196,0.903300416203159,0.0349542986848834
"243",242,0.0600150443286944,0.00167454861722064,0.903157194275177,0.0351532127789081
"244",243,0.0599510113460701,0.00168379394336953,0.903011995380681,0.0353531993298798
"245",244,0.0598878468787328,0.00169307687371863,0.902864813206625,0.0355542630409232
"246",245,0.0598255521945909,0.00170239776912614,0.90271564141146,0.0357564086248234
"247",246,0.0597641285770624,0.00171175699387374,0.902564473625168,0.0359596408038961
"248",247,0.0597035773251269,0.00172115491570221,0.902411303449316,0.0361639643098553
"249",248,0.0596438997533778,0.00173059190584748,0.902256124457096,0.0363693838836783
"250",249,0.0595850971920761,0.00174006833907689,0.902098930193378,0.0365759042754693
"251",250,0.0595271709872028,0.00174958459372587,0.901939714174752,0.0367835302443187
"252",251,0.0594701225005137,0.00175914105173492,0.901778469889589,0.036992266558162
"253",252,0.0594139531095938,0.00176873809868697,0.901615190798085,0.0372021179936344
"254",253,0.0593586642079118,0.00177837612384506,0.901449870332319,0.037413089335924
"255",254,0.0593042572048763,0.00178805552019037,0.901282501896312,0.0376251853786218
"256",255,0.0592507335258915,0.0017977766844606,0.901113078866078,0.0378384109235697
"257",256,0.0591980946124139,0.00180754001718873,0.900941594589692,0.0380527707807049
"258",257,0.0591463419220099,0.00181734592274211,0.900768042387345,0.0382682697679029
"259",258,0.0590954769284132,0.00182719480936191,0.900592415551408,0.0384849127108166
"260",259,0.0590455011215832,0.00183708708920295,0.9004147073465,0.0387027044427139
"261",260,0.0589964160077645,0.0018470231783739,0.90023491100955,0.0389216498043112
"262",261,0.0589482231095457,0.00185700349697782,0.900053019749871,0.0391417536436055
"263",262,0.0589009239659205,0.00186702846915306,0.899869026749224,0.0393630208157028
"264",263,0.058854520132348,0.00187709852311463,0.899682925161893,0.0395854561826441
"265",264,0.0588090131808143,0.00188721409119581,0.899494708114761,0.0398090646132285
"266",265,0.0587644046998949,0.00189737560989025,0.899304368707382,0.0400338509828332
"267",266,0.0587206962948174,0.00190758351989438,0.899111900012057,0.0402598201732311
"268",267,0.0586778895875249,0.00191783826615028,0.89891729507392,0.0404869770724047
"269",268,0.0586359862167407,0.00192814029788882,0.898720546911012,0.0407153265743583
"270",269,0.0585949878380326,0.00193849006867336,0.898521648514368,0.0409448735789258
"271",270,0.0585548961238792,0.00194888803644366,0.898320592848101,0.0411756229915763
"272",271,0.0585157127637359,0.00195933466356033,0.898117372849487,0.0414075797232168
"273",272,0.0584774394641022,0.00196983041684962,0.897911981429056,0.0416407486899915
"274",273,0.0584400779485898,0.00198037576764862,0.897704411470684,0.0418751348130777
"275",274,0.0584036299579911,0.00199097119185085,0.897494655831678,0.0421107430184797
"276",275,0.0583680972503487,0.00200161716995229,0.897282707342881,0.0423475782368181
"277",276,0.0583334816010261,0.0020123141870978,0.897068558808759,0.0425856454031173
"278",277,0.0582997848027786,0.00202306273312799,0.896852203007504,0.0428249494565887
"279",278,0.058267008665825,0.00203386330262645,0.896633632691137,0.0430654953404114
"280",279,0.0582351550179214,0.00204471639496743,0.896412840585601,0.0433072880015094
"281",280,0.058204225704434,0.00205562251436399,0.896189819390876,0.0435503323903253
"282",281,0.0581742225884144,0.00206658216991651,0.895964561781078,0.0437946334605911
"283",282,0.0581451475506747,0.00207759587566162,0.895737060404568,0.0440401961690952
"284",283,0.0581170024898646,0.00208866415062168,0.895507307884067,0.0442870254754466
"285",284,0.0580897893225483,0.00209978751885454,0.895275296816762,0.044535126341835
"286",285,0.0580635099832832,0.00211096650950388,0.895041019774425,0.0447845037327882
"287",286,0.0580381664246994,0.00212220165684989,0.894804469303525,0.0450351626149252
"288",287,0.0580137606175799,0.00213349350036045,0.894565637925353,0.0452871079567066
"289",288,0.0579902945509423,0.00214484258474275,0.894324518136133,0.0455403447281813
"290",289,0.057967770232121,0.00215624945999536,0.894081102407154,0.045794877900729
"291",290,0.0579461896868512,0.00216771468146078,0.893835383184888,0.0460507124467998
"292",291,0.0579255549593531,0.00217923880987837,0.893587352891118,0.0463078533396501
"293",292,0.0579058681124181,0.00219082241143787,0.893337003923069,0.0465663055530748
"294",293,0.0578871312274953,0.00220246605783325,0.893084328653536,0.0468260740611354
"295",294,0.0578693464047798,0.00221417032631716,0.892829319431018,0.0470871638378852
"296",295,0.0578525157633019,0.00222593579975575,0.892571968579852,0.0473495798570898
"297",296,0.0578366414410176,0.00223776306668399,0.892312268400353,0.0476133270919448
"298",297,0.0578217255949,0.00224965272136153,0.892050211168949,0.047878410514789
"299",298,0.0578077704010324,0.00226160536382899,0.891785789138324,0.048144835096814
"300",299,0.0577947780547026,0.00227362159996469,0.891518994537562,0.0484126058077701
"301",300,0.0577827507704947,0.00228570204154014,0.891249819572287,0.0486817276156775
"302",301,0.0577716907823955,0.00229784730628305,0.890978256424824,0.0489522054864972
"303",302,0.057761600343885,0.00231005801793151,0.890704297254338,0.0492240443838455
"304",303,0.0577524817280352,0.00232233480629198,0.890427934196984,0.0494972492686887
"305",304,0.0577443372276138,0.00233467830730051,0.890149159366067,0.0497718250990185
"306",305,0.057737169155186,0.00234708916308205,0.889867964852196,0.0500477768295363
"307",306,0.0577309798432183,0.00235956802201071,0.88958434272344,0.0503251094113312
"308",307,0.0577257716441834,0.00237211553877053,0.889298285025492,0.0506038277915538
"309",308,0.057721546930667,0.00238473237441685,0.889009783781831,0.0508839369130855
"310",309,0.0577183080954764,0.00239741919643811,0.888718830993881,0.0511654417142039
"311",310,0.0577160575517501,0.00241017667881822,0.888425418641188,0.0514483471282437
"312",311,0.0577147977330692,0.00242300550209949,0.888129538681577,0.051732658083254
"313",312,0.0577145310935707,0.002435906353446,0.887831183051333,0.0520183795016502
"314",313,0.0577152601080618,0.00244887992670763,0.887530343665368,0.0523055162998626
"315",314,0.057716987272137,0.00246192692248456,0.887227012417398,0.0525940733879801
"316",315,0.0577197151022956,0.00247504804819225,0.886921181180122,0.0528840556693897
"317",316,0.0577234461360617,0.00248824401812712,0.886612841805399,0.0531754680404117
"318",317,0.0577281829321063,0.00250151555353264,0.886301986124431,0.05346831538993
"319",318,0.0577339280703702,0.00251486338266606,0.885988605947945,0.0537626025990185
"320",319,0.0577406841521898,0.00252828824086569,0.885672693066382,0.0540583345405623
"321",320,0.0577484538004242,0.00254179087061868,0.885354239250082,0.0543555160788751
"322",321,0.0577572396595843,0.00255537202162946,0.885033236249475,0.0546541520693114
"323",322,0.0577670443959638,0.00256903245088867,0.884709675795273,0.0549542473578742
"324",323,0.057777870697773,0.00258277292274271,0.884383549598666,0.0552558067808183
"325",324,0.0577897212752729,0.00259659420896387,0.884054849351514,0.0555588351642489
"326",325,0.0578025988609135,0.00261049708882101,0.883723566726551,0.0558633373237149
"327",326,0.0578165062094725,0.00262448234915084,0.883389693377579,0.056169318063798
"328",327,0.0578314460981968,0.00263855078442984,0.883053220939676,0.056476782177697
"329",328,0.0578474213269468,0.00265270319684666,0.8827141410294,0.0567857344468069
"330",329,0.0578644347183416,0.00266694039637527,0.88237244524499,0.0570961796402934
"331",330,0.0578824891179079,0.00268126320084857,0.882028125166581,0.0574081225146626
"332",331,0.0579015873942298,0.00269567243603272,0.881681172356412,0.0577215678133253
"333",332,0.0579217324391026,0.00271016893570198,0.881331578359039,0.0580365202661566
"334",333,0.0579429271676872,0.00272475354171426,0.880979334701548,0.058352984589051
"335",334,0.0579651745186687,0.00273942710408723,0.880624432893773,0.0586709654834713
"336",335,0.0579884774544159,0.00275419048107508,0.880266864428515,0.0589904676359937
"337",336,0.0580128389611448,0.00276904453924589,0.879906620781763,0.0593114957178465
"338",337,0.0580382620490834,0.00278399015355964,0.879543693412912,0.0596340543844448
"339",338,0.0580647497526404,0.00279902820744688,0.879178073764993,0.0599581482749195
"340",339,0.058092305130575,0.002814159592888,0.878809753264896,0.0602837820116408
"341",340,0.0581209312661716,0.00282938521049316,0.878438723323598,0.0606109601997369
"342",341,0.0581506312674147,0.00284470596958293,0.878064975336395,0.0609396874266074
"343",342,0.0581814082671692,0.00286012278826947,0.877688500683131,0.0612699682614308
"344",343,0.0582132654233616,0.00287563659353847,0.877309290728433,0.0616018072546674
"345",344,0.0582462059191652,0.0028912483213317,0.876927336821947,0.0619352089375562
"346",345,0.0582802329631881,0.00290695891663026,0.876542630298575,0.0622701778216068
"347",346,0.0583153497896641,0.00292276933353849,0.876155162478712,0.0626067183980852
"348",347,0.0583515596586467,0.00293868053536853,0.87576492466849,0.0629448351374952
"349",348,0.0583888658562065,0.00295469349472564,0.875371908160015,0.0632845324890526
"350",349,0.0584272716946318,0.00297080919359412,0.874976104231619,0.0636258148801555
"351",350,0.0584667805126318,0.00298702862342396,0.874577504148096,0.063968686715848
"352",351,0.0585073956755444,0.00300335278521822,0.874176099160959,0.0643131523782782
"353",352,0.0585491205755464,0.00301978268962107,0.873771880508682,0.0646592162261511
"354",353,0.0585919586318674,0.00303631935700655,0.873364839416951,0.0650068825941751
"355",354,0.0586359132910072,0.00305296381756801,0.872954967098922,0.0653561557925034
"356",355,0.0586809880269573,0.00306971711140837,0.872542254755466,0.065707040106169
"357",356,0.0587271863414252,0.00308658028863098,0.87212669357543,0.0660595397945139
"358",357,0.058774511764063,0.00310355440943126,0.871708274735893,0.0664136590906129
"359",358,0.0588229678526998,0.00312064054418912,0.87128698940242,0.0667694022006911
"360",359,0.0588725581935776,0.00313783977356203,0.870862828729326,0.0671267733035352
"361",360,0.0589232864015911,0.00315515318857891,0.870435783859931,0.0674857765498996
"362",361,0.0589751561205324,0.00317258189073472,0.870005845926828,0.0678464160619054
"363",362,0.0590281710233381,0.00319012699208582,0.869573006052142,0.0682086959324343
"364",363,0.0590823348123426,0.00320778961534611,0.869137255347796,0.0685726202245156
"365",364,0.0591376512195333,0.00322557089398392,0.868698584915775,0.0689381929707076
"366",365,0.0591941240068125,0.00324347197231965,0.868256985848395,0.0693054181724728
"367",366,0.0592517569662613,0.00326149400562424,0.867812449228569,0.0696742997995461
"368",367,0.0593105539204101,0.00327963816021837,0.867364966130074,0.0700448417892977
"369",368,0.0593705187225118,0.00329790561357248,0.866914527617827,0.0704170480460894
"370",369,0.0594316552568209,0.00331629755440761,0.866461124748148,0.0707909224406239
"371",370,0.0594939674388766,0.00333481518279695,0.866004748569038,0.0711664688092888
"372",371,0.0595574592157905,0.00335345971026829,0.865545390120448,0.0715436909534933
"373",372,0.05962213456654,0.00337223235990726,0.865083040434554,0.0719225926389988
"374",373,0.0596879975022657,0.00339113436646138,0.86461769053603,0.0723031775952431
"375",374,0.0597550520665744,0.00341016697644491,0.864149331442324,0.0726854495146575
"376",375,0.0598233023358466,0.00342933144824458,0.863677954163931,0.073069412051978
"377",376,0.0598927524195501,0.00344862905222614,0.863203549704674,0.0734550688235498
"378",377,0.0599634064605577,0.00346806107084175,0.862726109061977,0.0738424234066241
"379",378,0.0600352686354716,0.00348762879873822,0.862245623227141,0.07423147933865
"380",379,0.0601083431549519,0.00350733354286612,0.861762083185625,0.0746222401165577
"381",380,0.0601826342640518,0.00352717662258977,0.861275479917322,0.0750147091960368
"382",381,0.0602581462425574,0.00354715936979805,0.860785804396839,0.0754088899908058
"383",382,0.0603348834053346,0.00356728312901615,0.860293047593773,0.0758047858718766
"384",383,0.0604128501026802,0.00358754925751816,0.859797200472991,0.0762024001668109
"385",384,0.0604920507206801,0.00360795912544059,0.85929825399491,0.0766017361589699
"386",385,0.0605724896815736,0.0036285141158968,0.858796199115773,0.0770027970867573
"387",386,0.0606541714441227,0.00364921562509224,0.858291026787931,0.0774055861428548
"388",387,0.0607371005039892,0.00367006506244076,0.85778272796012,0.0778101064734512
"389",388,0.0608212813941167,0.00369106385068174,0.857271293577739,0.0782163611774634
"390",389,0.0609067186851204,0.00371221342599814,0.856756714583131,0.0786243533057511
"391",390,0.0609934169856821,0.00373351523813558,0.856238981915859,0.0790340858603242
"392",391,0.0610813809429533,0.00375497075052229,0.855718086512983,0.0794455617935423
"393",392,0.0611706152429638,0.00377658144039004,0.855194019309339,0.0798587840073075
"394",393,0.0612611246110384,0.00379834879889603,0.854666771237817,0.0802737553522499
"395",394,0.0613529138122196,0.00382027433124576,0.85413633322963,0.0806904786269052
"396",395,0.0614459876516979,0.00384235955681687,0.8536026962146,0.0811089565768856
"397",396,0.0615403509752499,0.003864606009284,0.853065851121425,0.0815291918940425
"398",397,0.0616360086696826,0.00388701523674459,0.852525788877952,0.0819511872156222
"399",398,0.0617329656632862,0.00390958880184572,0.851982500411455,0.0823749451234138
"400",399,0.0618312269262943,0.003932328281912,0.851435976648905,0.08280046814289
"401",400,0.0619307974713515,0.00395523526907443,0.850886208517236,0.0832277587423389
"402",401,0.0620316823539895,0.00397831137040028,0.850333186943621,0.0836568193319902
"403",402,0.0621338866731107,0.00400155820802412,0.849776902855735,0.0840876522631317
"404",403,0.0622374155714802,0.00402497741927976,0.849217347182022,0.084520259827219
"405",404,0.062342274236226,0.00404857065683338,0.848654510851964,0.0849546442549776
"406",405,0.0624484678993481,0.00407233958881763,0.848088384796339,0.0853908077154962
"407",406,0.0625560018382352,0.00409628589896689,0.847518959947486,0.0858287523153131
"408",407,0.0626648813761911,0.00412041128675357,0.846946227239563,0.0862684800974939
"409",408,0.0627751118829694,0.00414471746752556,0.846370177608805,0.0867099930407014
"410",409,0.0628866987753174,0.00416920617264476,0.845790801993782,0.0871532930582577
"411",410,0.062999647517529,0.00419387914962671,0.845208091335648,0.0875983819971977
"412",411,0.0631139636220072,0.00421873816228146,0.844622036578398,0.0880452616373151
"413",412,0.0632296526498359,0.00424378499085542,0.844032628669111,0.0884939336901994
"414",413,0.0633467202113608,0.00426902143217458,0.843439858558201,0.0889443997982653
"415",414,0.0634651719667812,0.00429444929978867,0.842843717199658,0.0893966615337737
"416",415,0.0635850136267506,0.00432007042411668,0.842244195551291,0.0898507203978436
"417",416,0.0637062509529881,0.0043458866525935,0.841641284574963,0.090306577819457
"418",417,0.0638288897588997,0.00437189984981776,0.84103497523683,0.0907642351544539
"419",418,0.0639529359102103,0.00439811189770088,0.840425258507571,0.0912236936845197
"420",419,0.0640783953256056,0.00442452469561741,0.839812125362615,0.0916849546161638
"421",420,0.064205273977386,0.00445114016055654,0.83919556678237,0.0921480190796893
"422",421,0.0643335778921303,0.00447796022727492,0.838575573752442,0.0926128881281546
"423",422,0.0644633131513707,0.00450498684845069,0.837952137263855,0.0930795627363259
"424",423,0.0645944858922799,0.00453222199483884,0.837325248313263,0.0935480437996207
"425",424,0.0647271023083685,0.00455966765542789,0.836694897903163,0.0940183321330434
"426",425,0.064861168650195,0.00458732583759778,0.836061077042099,0.0944904284701105
"427",426,0.0649966912260872,0.00461519856727917,0.835423776744867,0.0949643334617686
"428",427,0.0651336764028753,0.00464328788911407,0.834782988032711,0.0954400476753021
"429",428,0.0652721306066384,0.00467159586661778,0.834138701933514,0.0959175715932324
"430",429,0.065412060323462,0.00470012458234223,0.83349090948199,0.0963969056122078
"431",430,0.0655534721002089,0.00472887613804067,0.832839601719868,0.0968780500418847
"432",431,0.065696372545303,0.00475785265483383,0.832184769696067,0.0973610051037985
"433",432,0.0658407683295258,0.00478705627337739,0.831526404466873,0.0978457709302268
"434",433,0.0659866661868263,0.00481648915403098,0.830864497096104,0.0983323475630416
"435",434,0.066134072915144,0.00484615347702855,0.830199038655277,0.0988207349525533
"436",435,0.0662829953772464,0.00487605144265021,0.829530020223761,0.0993109329563447
"437",436,0.0664334405015793,0.00490618527139564,0.828857432888932,0.0998029413380956
"438",437,0.0665854152831321,0.00493655720415885,0.828181267746314,0.100296759766397
"439",438,0.0667389267843168,0.00496716950240457,0.827501515899722,0.100792387813559
"440",439,0.0668939821358619,0.0049980244483461,0.826818168461392,0.101289824954403
"441",440,0.067050588537721,0.00502912434512479,0.826131216552108,0.101789070565049
"442",441,0.0672087532599964,0.00506047151699096,0.825440651301324,0.102290123921691
"443",442,0.0673684836438776,0.00509206830948656,0.824746463847272,0.102792984199367
"444",443,0.0675297871025963,0.00512391708962929,0.82404864533707,0.103297650470707
"445",444,0.0676926711223958,0.00515602024609846,0.823347186926822,0.103804121704687
"446",445,0.0678571432635173,0.00518838018942241,0.822642079781703,0.10431239676536
"447",446,0.0680232111612022,0.00522099935216765,0.821933315076049,0.104822474410583
"448",447,0.0681908825267107,0.00525388018912966,0.821220883993428,0.105334353290734
"449",448,0.0683601651483577,0.00528702517752541,0.820504777726704,0.105848031947415
"450",449,0.0685310668925648,0.00532043681718757,0.819784987478105,0.106363508812145
"451",450,0.0687035957049304,0.00535411763076053,0.819061504459263,0.106880782205048
"452",451,0.068877759611317,0.00538807016389811,0.818334319891261,0.107399850333526
"453",452,0.0690535667189564,0.00542229698546316,0.817603425004664,0.107920711290919
"454",453,0.0692310252175729,0.00545680068772889,0.816868811039542,0.108443363055158
"455",454,0.0694101433805252,0.00549158388658209,0.816130469245485,0.10896780348741
"456",455,0.0695909295659665,0.00552664922172816,0.815388390881605,0.109494030330702
"457",456,0.0697733922180238,0.00556199935689811,0.814642567216533,0.110022041208547
"458",457,0.069957539867997,0.0055976369800574,0.813892989528399,0.110551833623549
"459",458,0.0701433811355763,0.00563356480361672,0.81313964910481,0.111083404955999
"460",459,0.0703309247300808,0.00566978556464477,0.812382537242812,0.111616752462464
"461",460,0.0705201794517168,0.00570630202508298,0.81162164524884,0.112151873274362
"462",461,0.070711154192856,0.00574311697196231,0.810856964438663,0.112688764396521
"463",462,0.0709038579393356,0.00578023321762199,0.810088486137309,0.113227422705735
"464",463,0.0710982997717786,0.00581765359993044,0.809316201678989,0.113767844949304
"465",464,0.0712944888669366,0.00585538098250818,0.808540102406998,0.114310027743559
"466",465,0.071492434499053,0.00589341825495294,0.807760179673613,0.114853967572383
"467",466,0.0716921460412498,0.00593176833306687,0.806976424839972,0.115399660785714
"468",467,0.0718936329669362,0.00597043415908597,0.806188829275943,0.115947103598036
